 0.00000000e+00   2.66753034e+02
 1.00000000e+00   2.66752765e+02
 2.00000000e+00   2.66752497e+02
 3.00000000e+00   2.66752228e+02
 4.00000000e+00   2.66751960e+02
 5.00000000e+00   2.66751691e+02
 6.00000000e+00   2.66751422e+02
 7.00000000e+00   2.66751154e+02
 8.00000000e+00   2.66750885e+02
 9.00000000e+00   2.66750617e+02
 1.00000000e+01   2.66750348e+02
 1.10000000e+01   2.66750080e+02
 1.20000000e+01   2.66749811e+02
 1.30000000e+01   2.66749543e+02
 1.40000000e+01   2.66749274e+02
 1.50000000e+01   2.66749006e+02
 1.60000000e+01   2.66748737e+02
 1.70000000e+01   2.66748469e+02
 1.80000000e+01   2.66748200e+02
 1.90000000e+01   2.66747932e+02
 2.00000000e+01   2.66747663e+02
 2.10000000e+01   2.66747395e+02
 2.20000000e+01   2.66747126e+02
 2.30000000e+01   2.66746858e+02
 2.40000000e+01   2.66746589e+02
 2.50000000e+01   2.66746321e+02
 2.60000000e+01   2.66746052e+02
 2.70000000e+01   2.66745784e+02
 2.80000000e+01   2.66745515e+02
 2.90000000e+01   2.66745247e+02
 3.00000000e+01   2.66744978e+02
 3.10000000e+01   2.66744710e+02
 3.20000000e+01   2.66744441e+02
 3.30000000e+01   2.66744173e+02
 3.40000000e+01   2.66743904e+02
 3.50000000e+01   2.66743636e+02
 3.60000000e+01   2.66743367e+02
 3.70000000e+01   2.66743099e+02
 3.80000000e+01   2.66742830e+02
 3.90000000e+01   2.66742562e+02
 4.00000000e+01   2.66742293e+02
 4.10000000e+01   2.66742025e+02
 4.20000000e+01   2.66741756e+02
 4.30000000e+01   2.66741488e+02
 4.40000000e+01   2.66741219e+02
